27.94245259
9.741404023
-5.308032279
-5.493804045
13.18217964
0.634961799
-5.884344516
14.73068199
-25.40785725
21.92493897
16.88374246
2.984598266
0.043949224
2.157359069
-0.377030474
-7.031280261
6.29364123
21.13873078
0.301548491
5.058241473
-20.14610029
-8.351191271
20.58043299
-9.624641937
2.432356567
21.28975851
8.454616936
9.708937622
16.91819769
4.386863352
10.7623055
16.54213795
-12.0830465
-1.262400986
38.32284369
-3.083678627
14.17154749
16.59856008
29.21195123
8.820541639
15.01169492
-0.14202252
19.16836295
-1.124225849
-13.63110408
0.966434557
40.62702713
20.31166189
-6.191532247
34.38364326
31.47537844
14.17576719
-3.725350841
26.63506159
-16.62339249
1.79021801
34.09506918
-15.10367237
25.22299508
5.842618847
-2.615312673
14.42169038
-6.225791785
10.69224674
16.48707622
28.5102481
8.624788408
22.47733681
12.87055624
1.967227674
14.02219137
6.469594941
-3.948967597
7.820801813
-20.21811606
3.921472438
13.46558217
13.76845957
18.9479193
0.141500506
17.41017544
12.60938385
8.599661481
-0.194961119
9.744135377
-19.76234437
-4.31347767
8.43588852
-3.288481951
5.277101783
23.60697019
-1.741110453
45.60788802
-19.32902736
-0.46214036
11.29112394
10.78647581
18.21880279
20.27806049
30.38327061
1.604413128
7.952151299
37.58221693
-12.87432294
-4.96272485
-1.036101969
-23.1651953
10.667936
3.129994209
8.316955426
35.46111288
-0.056356852
17.51632938
-20.00645502
5.562793569
-19.49325079
8.147647622
8.098002087
-12.37230976
-7.824616741
1.681642143
1.025004184
22.78209791
-8.98028195
-6.943639614
10.91616324
15.82124766
17.68333793
11.68872789
6.172860513
-1.164763331
-3.717064488
-21.28814253
-36.06378997
-2.330030516
4.792378157
-5.020836687
7.923499204
-4.856907519
31.03862374
-4.934012549
15.17130688
-16.86790504
12.75954132
-4.060456684
-12.97678222
-0.435808344
3.597848566
19.02558559
-9.773474105
3.415401144
9.187353195
-11.68409704
16.18444169
-3.620940419
-0.411191783
-3.903107466
-0.993429125
11.76495593
20.79794817
17.54551419
8.090762527
29.00068112
13.53764808
4.683034771
37.49864095
35.85843149
32.32454013
-24.89240307
23.52909264
31.63031448
21.67071392
19.53516892
10.11498495
-4.695074498
9.638568052
17.90954163
-13.03011994
-1.009873252
12.46910902
5.292286316
9.043140528
4.414145109
14.75599165
-10.58764465
-1.533610391
-16.64507492
24.719107
6.805387545
-1.514184418
-7.35035823
-5.897270862
24.58350665
-5.752752953
18.80284324
16.38494404
16.50235074
8.178141736
-14.75678012
-21.8983907
-17.39627329
6.888351475
-0.207970665
-9.18415748
15.5417652
7.725632929
20.56431422
11.79586007
5.027944631
5.699321777
5.144194269
14.15864927
-4.344966886
22.23186366
-2.650544433
13.0361945
28.77424846
2.035116087
-43.51980909
-5.253132352
-0.680011688
16.67254716
16.0876764
23.92796867
25.64867632
15.24671129
8.117466993
26.95201617
-3.181063874
13.93758459
8.602638716
22.31607756
-7.062768308
-6.726599691
20.07977641
-14.23057996
30.14047462
6.420585839
2.892271302
-3.629724723
-2.948094952
2.745809569
2.211325678
-10.12812746
20.11162864
18.8732776
2.027021713
-11.6323356
13.67615161
-5.895764416
-14.55459904
-2.447065807
9.331892053
11.79621995
22.96103824
14.39397516
-5.377379297
5.379556235
27.35726111
15.27105779
-8.390687805
-9.549938269
23.11535817
-18.49318688
10.91763779
-9.934786138
-11.38121547
11.450142
-21.95895067
-7.045482205
-3.474308757
-9.210026397
-14.25120083
-14.25639184
35.83152973
-13.3805441
34.65409719
15.39437446
-7.622200713
15.1570922
8.069011299
3.647162749
7.948407297
41.85401576
-8.687177028
34.8794682
7.505521813
-27.01306907
20.62771983
-7.850299607
16.7631871
1.556727998
2.044901795
-1.56576642
-19.2022255
-9.632201571
-12.19733981
9.652144707
15.86572356
-43.12225637
15.96030659
-4.550138081
6.352026865
35.6329344
20.83796076
17.82093567
16.1662983
-6.570114066
-6.359192438
8.363754832
-12.38628893
-33.11462945
-3.186309191
14.83282275
3.622434275
-4.621637297
3.767972162
11.12325074
23.93649334
10.03541604
8.768764055
-4.043059159
5.110844729
14.78207355
9.754292858
29.04479655
23.61600768
27.01706593
29.46249929
-1.417530091
33.50032347
13.47411112
2.359160598
-4.79156842
20.19315192
3.621721006
-18.37024718
33.96521887
7.139335878
15.46354761
-17.74550386
-13.7421952
12.01020306
-1.223454848
-9.845378957
-2.113972687
-4.090187132
19.29572087
-9.434308791
11.6743662
-0.234532904
1.87434402
5.676142729
14.66335078
10.58658789
-0.985096507
16.62442735
-11.20132053
23.74935825
0.037158439
-36.8338449
-5.348306715
-0.549115305
-2.231016355
12.55500582
-15.92600261
17.80303354
0.604947955
-1.149691595
15.61189383
4.950212704
25.73518948
0.348652434
16.66469794
24.5793562
15.26665387
-7.502004275
8.651479672
24.65338082
39.45723504
-1.353583256
-29.03502968
7.734743708
14.75519949
-0.956970745
24.82490174
-13.32634694
28.85734766
-6.858272491
38.00338779
8.461943161
-15.62562061
8.9387057
8.246228299
-11.60079299
19.52463572
3.669058625
28.91358549
-12.64278875
2.644292747
-22.7337112
-1.921922192
12.98093252
3.474107643
48.34894193
15.7351044
26.00803172
-13.29348291
19.40456592
10.81930026
-7.494613478
11.05744162
18.7322378
3.167666144
8.250665676
7.474451341
15.86650379
15.85434063
-11.15496712
2.771330122
6.709644961
13.94543977
-3.875794787
1.050288835
4.628789241
28.38387626
-10.69630881
10.16249398
13.3935935
0.334512351
10.35224978
3.510756388
-21.39761865
2.3894264
4.285743484
16.13486539
33.77312598
25.01593932
25.76919932
8.865227523
18.8862215
2.773779161
-4.457994333
2.930766948
19.67660697
7.118789842
-7.614254135
-14.53467312
-19.75876083
-12.49700984
22.16067134
-9.934633418
-24.32817062
-19.73678423
-8.7134115
15.67686941
3.48517853
2.036598189
29.11678487
-15.1019375
-15.4070036
-6.952454334
5.7775216
24.91318204
-7.233590683
11.04296309
2.162841189
18.14777908
21.71250794
13.08234327
26.71120396
-13.85946776
-17.64609849
11.72755107
-5.630123138
14.00502581
-23.0614394
-5.798107198
24.35456051
-0.839316686
7.377118588
14.65845852
19.84160205
-14.79303475
-1.56058472
-13.27751685
23.58309369
12.54295039
9.360987371
-11.74508767
19.04635898
-8.373972697
22.96761123
17.14030272
-1.903429578
2.992033561
-12.10498443
7.635425139
20.00203032
3.022776466
4.54749967
18.78720925
-6.415048349
-6.86868418
-3.391958405
6.499071678
4.945019789
-29.27447777
4.380188182
2.020865431
0.698252128
17.10761807
-9.881395321
-25.95871551
1.148585495
12.44327775
0.86106306
7.816194304
17.36922138
-15.16118349
20.54395822
-11.11252533
6.958359094
7.40980344
-1.047946502
-11.39361255
2.732162106
16.19809602
-11.83275392
19.32705759
-6.57528819
12.75876588
37.41710208
-0.06009539
13.97634804
-27.55473649
24.10526297
8.635240899
-0.248983676
-5.366242814
22.44842911
1.010766892
37.99203826
13.69203296
-6.794195298
29.12272146
3.412438611
9.350635737
-21.74796436
6.257146731
-4.926403039
11.62245009
11.0346241
-0.754576409
-15.208405
36.84774923
-7.306329396
19.6714562
-2.206456393
-8.547994619
-6.096630749
16.57906452
20.3248372
-5.553070112
14.01892841
-6.972367591
8.98937252
10.42685182
6.935124312
9.161664823
2.211862003
18.71120329
7.561601759
5.962774333
-30.65552725
13.77180194
6.699209909
3.877579412
27.28633663
2.097207951
25.46371745
15.87735255
-11.94922216
-11.38007289
-0.268429254
3.456182229
-28.2901151
-0.328847124
-14.78992966
38.45907704
15.32741177
-5.06875209
-3.385723252
-7.348453531
18.65974301
8.555267262
-14.01611183
-3.402428843
10.43290125
-2.485176393
16.16514919
19.07686353
10.51832666
23.68728921
-8.161256418
-2.43791364
24.93897274
19.54934998
2.174433254
13.54726175
34.86384581
8.172077587
16.51238456
5.5766926
16.46918353
-0.971656885
-1.147645887
-11.34916981
13.83462657
-2.473742041
-0.832532696
39.36927449
1.688655665
-21.44986394
25.41595949
7.413748324
17.8074969
-15.63347125
-3.090328895
40.39768478
38.13739291
-2.491030384
8.835663573
-1.664675731
6.594544504
15.25251602
12.21076773
28.00042417
-6.858101107
5.253324864
30.53873898
13.14934304
4.093928188
5.157015239
-4.647033976
-12.90859876
18.38882805
-5.543627541
-6.322735139
9.114103014
30.62233782
-1.676527838
-3.8452397
17.725949
2.837143265
10.78853366
26.66350204
19.11501963
10.69392618
-12.05469153
-1.81032505
-5.911347114
16.60663336
27.39663042
14.74136991
27.45202763
-10.63523294
3.222747759
13.62226469
20.28481075
-11.19255789
2.012168262
27.68591033
16.02306124
20.06273719
-1.263684614
32.87206974
4.163527904
11.60767066
-10.51475808
-0.152743506
22.8263825
15.84207014
-10.56797276
33.04868553
14.50595493
28.73007466
1.99255802
24.02034789
-8.623381447
10.91695948
35.81149856
-22.85147986
4.699034347
3.979264662
-3.78466417
3.385919189
5.42756829
22.3994838
7.474096721
14.60984266
4.637905342
-6.223482211
2.348796548
4.463124637
13.49703237
23.66565242
4.603448749
6.519451847
-6.846298568
-6.522158993
18.15723686
11.29301245
12.05945808
-16.24231023
-30.02881302
8.897427258
-2.318662672
18.75805972
16.43546062
2.191765889
-11.42383046
8.387253627
-35.51707087
-22.05756098
-0.079383363
-5.941409639
0.753136329
4.869404156
38.4873996
23.12252426
18.48697927
25.57561292
-11.14019812
4.408651244
11.02479405
10.87292088
15.03990685
-3.500866177
4.647398234
23.31327543
14.57513917
9.828766873
6.815674096
0.124985123
-1.022203349
-10.38239517
21.78954547
17.19451991
11.9957381
-17.14560323
-3.182612978
51.17732599
-3.271540916
29.30841127
17.57477516
7.948117563
4.800096357
-6.488154024
4.098878754
-2.753415256
2.565790993
4.404590756
-11.94849546
9.720715086
27.87423885
-10.02727126
16.22597462
-4.417676792
-2.831397045
-8.452439832
-1.973767758
6.388485213
12.26247453
19.54998067
-7.039875164
7.955353916
4.711423985
6.899650861
25.32385804
7.138569803
18.21903639
-17.46583361
-1.865755671
-0.09710832
-5.363907786
13.05801698
26.40944762
17.75571501
-18.23799367
43.68598162
13.97286485
17.26832455
14.54904102
10.52581695
7.409607727
29.1747182
18.98449657
10.82037736
5.648250884
5.851962813
3.362769197
18.04393603
38.57033431
-21.17259366
32.72502914
6.816750254
21.31585246
-28.82385049
0.836105648
-7.01197429
14.20944046
3.863340187
28.58523738
-23.38908974
-2.819717818
13.90260536
24.87724094
-4.948380433
2.936650157
-3.664297251
-0.035843438
10.72563432
-3.267313132
2.906675323
2.140361168
28.4483689
6.871525571
13.2639762
-21.34790222
20.17395537
29.8901197
-5.921417564
14.63947006
18.9322671
-3.846314568
0.32377064
17.16748634
-9.349310654
-8.455672375
-11.48265097
-4.956533647
-0.24806938
-6.647235359
20.2175297
9.679822453
12.08836622
6.672023015
-14.73991418
-13.42922779
36.25419544
23.9566274
-0.235831794
9.998664353
3.275657256
-0.435217376
29.51718373
17.00262305
10.45359679
-23.41973308
-23.58014688
2.888085384
19.44761982
19.97133079
8.557151613
27.25015287
19.95986215
0.495428804
13.02888119
38.04627953
-0.864900588
-5.488935621
-2.68729348
32.2718365
21.52273616
17.88796638
-6.323489994
-13.98699132
-3.256406569
-20.96817357
-11.08469691
-4.708743666
5.325822648
4.723575717
5.693922521
4.944286446
14.4876231
14.56903176
1.239770784
-10.74665773
2.576886675
16.46271727
21.79178682
3.656885133
-10.49845615
-3.638041889
17.40570207
-35.76895501
37.005234
5.52157442
9.436991663
3.382028115
-5.598207663
-30.04875406
-10.81579091
-1.534254007
22.34224031
2.137584717
1.700788712
23.64464347
-7.741941327
-2.570025055
12.12710799
22.70579774
6.67311403
1.012976877
15.01671497
-18.04391705
-0.838224867
5.299408487
5.145486365
8.852431016
4.432562989
-9.813042709
5.454788351
5.456388157
-27.63309745
10.59141098
21.54975179
9.254350769
29.67898935
13.07758127
-27.58440914
4.221204047
13.55742612
-2.680258163
2.519653191
-7.286830638
30.49873991
16.99688456
4.872628937
2.376772933
25.38549465
43.14871681
-28.99700419
18.11656998
-12.20001958
20.33867368
16.58804982
-5.296024246
-16.00934545
-18.1309662
2.751964103
-6.315880866
31.73313293
8.73568351
25.1953602
26.55076175
21.73531442
-26.66323272
11.84263855
19.5561774
-10.08661821
-3.382426354
4.523070798
29.96286237
1.007112917
-2.658967736
3.24398654
-13.74864685
7.871136015
26.48614575
2.088434423
14.23496621
-7.957392075
10.34663266
-0.289697994
17.08341023
0.245710057
-23.86018628
-0.62368679
16.22869941
1.9297332
3.71456667
-9.766560821
6.255472544
10.73280563
8.281349745
-2.273229513
27.76867454
-7.52368051
-21.46061752
19.10781556
-10.36868589
8.80250067
20.07713919
6.731551177
-2.260094126
10.46137777
4.784545584
